<html>
<head><meta charset="utf-8" /></head>
<body>
    <div>                        <script type="text/javascript">window.PlotlyConfig = {MathJaxConfig: 'local'};</script>
        <script charset="utf-8" src="https://cdn.plot.ly/plotly-2.20.0.min.js"></script>                <div id="3c20b101-619f-4cbe-9ac5-b9c0f7d40956" class="plotly-graph-div" style="height:100%; width:100%;"></div>            <script type="text/javascript">                                    window.PLOTLYENV=window.PLOTLYENV || {};                                    if (document.getElementById("3c20b101-619f-4cbe-9ac5-b9c0f7d40956")) {                    Plotly.newPlot(                        "3c20b101-619f-4cbe-9ac5-b9c0f7d40956",                        [{"coloraxis":"coloraxis","name":"0","x":["OBS","YEAR","MONTH","OUTAGE.DURATION(mins)","DEMAND.LOSS.MW(Megawatt)","CUSTOMERS.AFFECTED","RES.PRICE(cents / kilowatt-hour)","COM.PRICE(cents / kilowatt-hour)","IND.PRICE(cents / kilowatt-hour)","TOTAL.PRICE(cents / kilowatt-hour)","RES.SALES(Megawatt-hour)","COM.SALES(Megawatt-hour)","IND.SALES(Megawatt-hour)","TOTAL.SALES(Megawatt-hour)","RES.PERCEN(%)","COM.PERCEN(%)","IND.PERCEN(%)","RES.CUSTOMERS","COM.CUSTOMERS","IND.CUSTOMERS","TOTAL.CUSTOMERS","RES.CUST.PCT(%)","COM.CUST.PCT(%)","IND.CUST.PCT(%)","PC.REALGSP.STATE(USD)","PC.REALGSP.USA(USD)","PC.REALGSP.REL(fraction)","PC.REALGSP.CHANGE(%)","UTIL.REALGSP(USD)","TOTAL.REALGSP(USD)","UTIL.CONTRI(%)","PI.UTIL.OFUSA(%)","POPULATION","POPPCT_URBAN(%)","POPPCT_UC(%)","POPDEN_URBAN(persons per square mile)","POPDEN_UC(persons per square mile)","POPDEN_RURAL(persons per square mile)","AREAPCT_URBAN(%)","AREAPCT_UC(%)","PCT_LAND(%)","PCT_WATER_TOT(%)","PCT_WATER_INLAND(%)","ANOMALY.LEVEL"],"y":["OBS","YEAR","MONTH","OUTAGE.DURATION(mins)","DEMAND.LOSS.MW(Megawatt)","CUSTOMERS.AFFECTED","RES.PRICE(cents / kilowatt-hour)","COM.PRICE(cents / kilowatt-hour)","IND.PRICE(cents / kilowatt-hour)","TOTAL.PRICE(cents / kilowatt-hour)","RES.SALES(Megawatt-hour)","COM.SALES(Megawatt-hour)","IND.SALES(Megawatt-hour)","TOTAL.SALES(Megawatt-hour)","RES.PERCEN(%)","COM.PERCEN(%)","IND.PERCEN(%)","RES.CUSTOMERS","COM.CUSTOMERS","IND.CUSTOMERS","TOTAL.CUSTOMERS","RES.CUST.PCT(%)","COM.CUST.PCT(%)","IND.CUST.PCT(%)","PC.REALGSP.STATE(USD)","PC.REALGSP.USA(USD)","PC.REALGSP.REL(fraction)","PC.REALGSP.CHANGE(%)","UTIL.REALGSP(USD)","TOTAL.REALGSP(USD)","UTIL.CONTRI(%)","PI.UTIL.OFUSA(%)","POPULATION","POPPCT_URBAN(%)","POPPCT_UC(%)","POPDEN_URBAN(persons per square mile)","POPDEN_UC(persons per square mile)","POPDEN_RURAL(persons per square mile)","AREAPCT_URBAN(%)","AREAPCT_UC(%)","PCT_LAND(%)","PCT_WATER_TOT(%)","PCT_WATER_INLAND(%)","ANOMALY.LEVEL"],"z":[[1.0,-0.06265765447397086,0.03428662773588851,-0.10451424001957167,0.0041360345565139445,-0.02357950370642182,0.2931154981269401,0.34063155566394215,0.404931368258447,0.36264386089282985,-0.13901342912334602,0.007736544528602192,-0.35795875205150135,-0.1422131242541558,0.044747923354825477,0.30115757433307816,-0.29541946391000296,0.07778566300426036,0.08086017373766322,0.009674268791366548,0.07773550305710068,-0.26279496114112494,0.23832138488143395,0.15783445097373425,0.12963567201548623,-0.04588966123435281,0.13479826055540692,-0.03051867977358328,0.021392451002866682,0.1529738487381476,-0.06907466455273543,0.04723892273875725,0.11656187097700772,0.05851149298974106,0.017763823262383866,0.2362831692144688,0.22039264807048242,-0.02996608724365035,0.08812515593037042,-0.037858623252504005,0.21444282012530744,-0.21442871341696335,0.10892898229174475,0.022135752775981943],[-0.06265765447397086,1.0,-0.14532799372411564,-0.14404718344892078,-0.04846993601754791,-0.20310622432119535,0.28530463138344886,0.1780943908277283,0.10712584718537088,0.20397956648540377,-0.14698486399814703,-0.12318474389710526,-0.14224315324261252,-0.1501307311248722,-0.011216215712930137,0.06472557519526875,-0.016537074093176462,-0.12467276833773203,-0.12889312854330873,-0.01774822392953027,-0.1253846404513399,-0.023288717474640643,0.050715640815907126,0.07374451733958445,0.10017929777234266,0.7073019196655127,0.026905348681929658,-0.00840126493599496,-0.14479136674373266,-0.0668569980682565,-0.27527026120826714,-0.13716276241961922,-0.10870711257853735,-0.05917453695804189,0.13315668710867504,-0.04942342274544366,-0.0350081254492879,0.006745920484900322,0.0028623423774252325,0.05091358979044048,0.08310334590331638,-0.08310786616653129,-0.06531696374732636,0.15213189718674802],[0.03428662773588851,-0.14532799372411564,1.0,0.01964911177844397,0.01924243472050709,0.04426487534195301,0.04072633953668102,0.029511595860866876,0.03857205841705945,0.03253432304732562,0.03506964707359799,0.07022850486483456,0.023127785324962794,0.04801494657985157,-0.1186057760991681,0.06618165861130954,0.022011881900592233,0.03519102411444058,0.03003771665286162,0.012244129837041475,0.03436529834592091,0.026771902236944166,-0.041257180060226994,0.03492167159588697,-0.010583553774151069,-0.09318987234548833,-4.540074394456786e-05,0.03705507307394414,0.03723543583479944,0.03347150834302366,0.04139330626019396,0.039173774852040016,0.03415062537801695,0.028650488978677308,-0.026817081677693682,0.02890029352851318,0.06676126132186358,-0.02650353060996442,-0.024164736872161995,-0.038223480648857604,-0.05670950314907349,0.056705693246152204,-0.004791907650252529,0.12268716827104237],[-0.10451424001957167,-0.14404718344892078,0.01964911177844397,1.0,0.026798341027869228,0.2619155954835704,0.004394298077075452,-0.001193342667203819,-0.04032239798613566,0.0017224809873797814,0.031039641339457073,0.017281287634754238,0.015266187695540556,0.023617313272124223,0.009511137790463049,0.009131639250849399,-0.01789180010710657,0.01432827055558246,0.014989523523655313,-0.030033823448697976,0.014024880905177072,0.04533480560016899,-0.02657564335936714,-0.06947001462991274,-0.006354513639654099,-0.07088504270388256,1.690705571509105e-05,-0.008839823975055722,0.029253366436888716,0.0015953294081090103,0.10276836877514238,0.027143983571435513,0.0036547758378342034,-0.00511602406313628,-0.04992734722805254,0.022115139906302147,-0.002204758519772261,0.03842223999107711,0.02504016300575353,-0.02593957900001348,-0.121614270530284,0.12160511130698798,0.030389001809000036,0.008909995469845004],[0.0041360345565139445,-0.04846993601754791,0.01924243472050709,0.026798341027869228,1.0,0.5237459577723752,0.016727171337135912,0.06098806828193572,0.03491687340211086,0.04699674855870102,0.07340931948773029,0.07541202138627405,0.03777975954815956,0.07057650337492268,0.031053497008607277,0.04889069600157375,-0.06143767242661026,0.06851496574227363,0.06068224860468663,0.0777322396914762,0.06773896071828353,0.026472733907181304,-0.02251011633134032,-0.015154315803674904,0.014909826688845985,-0.034805832382538225,0.020223172064292295,0.047097713206267475,0.059039569820658125,0.06692759222433162,-0.006251459008226339,0.06791106886303908,0.06595849032054085,0.05179487368646895,-0.07613144936848547,0.051451311292239066,0.01284686255759897,0.01914894630926942,0.03576933484299773,-0.018441295159584238,-0.03773173077569483,0.03773424101463575,0.02142875585536526,0.060533742038952204],[-0.02357950370642182,-0.20310622432119535,0.04426487534195301,0.2619155954835704,0.5237459577723752,1.0,-0.020290429205329048,-0.011284832129738789,-0.00809932473864338,-0.005548108830283105,0.17678627666846997,0.16981471656656552,0.1271016702428666,0.1747193755910408,0.04602137872955861,0.035103838615216626,-0.07074901534695179,0.16711799046387296,0.16418022417549105,0.11857764383786143,0.16700685457545728,0.015941031487073,-0.024568720068174572,-0.01988157210203581,0.007285743199650984,-0.11838938227759495,0.019211714800215107,0.0252305061416457,0.17435776213976314,0.1399119310289057,0.07075868243067615,0.16564815178121786,0.15464250584719,0.11362917369270115,-0.11791561035577285,0.09387833495555035,0.06050753895468301,-0.05240910970167958,0.007170969098901414,-0.06662336249148723,-0.009530096520025172,0.009526713046237017,0.020320688636144932,0.012767625830819371],[0.2931154981269401,0.28530463138344886,0.04072633953668102,0.004394298077075452,0.016727171337135912,-0.020290429205329048,1.0,0.9270872416170155,0.813128794030589,0.9648189048718835,0.06671172188012314,0.28549169744013786,-0.06061475000841206,0.12927415591992483,-0.1687504972978106,0.6094430164599323,-0.4249671666606458,0.3348320435056227,0.3372173406105255,0.1828423889119901,0.3342826631188916,0.048796221251575386,0.05641668788350637,-0.25524541446335064,0.31599456922803487,0.20193392491457018,0.2955494584934802,-0.05191803485344271,0.357009684170967,0.41861590583508723,-0.07315175926942634,0.3909087835883619,0.36551993795501475,0.28021279776650615,-0.33275226497003657,0.4161696374516598,0.27106029039472296,0.24210621088186218,0.2593283957883493,0.1515209136863832,-0.19077535583399188,0.1907805909566086,0.014160030753772077,-0.0021231379524042446],[0.34063155566394215,0.1780943908277283,0.029511595860866876,-0.001193342667203819,0.06098806828193572,-0.011284832129738789,0.9270872416170155,1.0,0.8637043361451661,0.9779133493506925,0.061382571843914394,0.29919843210707076,-0.08964133614077834,0.12577058750950537,-0.14668823181944657,0.6096813488357228,-0.4415241855325041,0.36698938415182203,0.36774454081468116,0.20358602671392573,0.3662808076933687,0.017935059740148394,0.08219068766202123,-0.235298208514417,0.343311541663856,0.15312224519934345,0.32802882668792593,-0.04504053093230623,0.3556410270894743,0.4607661321917268,-0.16839019494846644,0.39835421282586736,0.4051251963442199,0.3237082310430232,-0.3640911253971506,0.4920722030850895,0.3302388489648619,0.20013993514677078,0.27919639230524435,0.0919998411347383,-0.15414039923978798,0.15413942317887813,0.03323888732141382,-0.021202363363499482],[0.404931368258447,0.10712584718537088,0.03857205841705945,-0.04032239798613566,0.03491687340211086,-0.00809932473864338,0.813128794030589,0.8637043361451661,1.0,0.8881854238862702,0.08644268911920686,0.27123004725388766,-0.061807232422722354,0.12927265639493962,-0.029013998242241282,0.4938344304587021,-0.402827746190517,0.34429623784673685,0.3351951020259498,0.26643834745302497,0.3430904952287271,0.044294942289892496,0.018513046897056074,-0.1481424326858141,0.22897182911444394,0.12424956500217421,0.21634067844002916,-0.06854024539271633,0.3156028054833078,0.40668572117192875,-0.08850836625350404,0.3588906114657386,0.37605689110252166,0.30275618481664496,-0.3496320528991499,0.32930058234523363,0.25818203931913003,0.25920551265377834,0.3263469281969333,0.15204479314342337,-0.1644323652547396,0.16442188236016053,0.06492277038591875,-0.04593942624293421],[0.36264386089282985,0.20397956648540377,0.03253432304732562,0.0017224809873797814,0.04699674855870102,-0.005548108830283105,0.9648189048718835,0.9779133493506925,0.8881854238862702,1.0,0.0976748845129102,0.31742161157938087,-0.10198707295201541,0.14392524988574185,-0.06200182890760745,0.6607552673654953,-0.5373783290140421,0.36818643069900203,0.3698406881323806,0.2011868580471032,0.36750934719304784,0.04916100666862889,0.05630323597915206,-0.2576775783696674,0.3562151219261248,0.16595989040291315,0.3395019865204004,-0.05485773087750584,0.3698468582503357,0.4553409509034937,-0.1297158948522093,0.4039055589956397,0.4016697447885485,0.3374326010702296,-0.4047064730628237,0.47276182353870416,0.28172901109382137,0.2544928161491055,0.32269690470747897,0.13642851274216006,-0.17889843180249942,0.17889740183091354,0.0830939672461084,-0.019087441589875284],[-0.13901342912334602,-0.14698486399814703,0.03506964707359799,0.031039641339457073,0.07340931948773029,0.17678627666846997,0.06671172188012314,0.061382571843914394,0.08644268911920686,0.0976748845129102,1.0,0.9046695092543022,0.7934368556223347,0.9689575180033271,0.25986475125448333,0.08604452153082484,-0.2372420006891381,0.7872183640208231,0.8016801437222284,0.726171446024671,0.7903328430522955,-0.10178544747765415,0.08729707857936701,0.07407521569199542,-0.02805118922191963,-0.04657541629251307,-0.025169281226599984,0.11844913910978144,0.8178269793652069,0.7011561237232183,0.09391385261779314,0.7655713736450882,0.7460346212534059,0.38088334222117276,-0.3518991684903802,0.2480693809919852,0.2598444151515489,-0.29671597878277345,-0.1737925059885997,-0.2272209728772577,0.1954150502690694,-0.19541273701871814,-0.06841515046767825,0.031006904568647266],[0.007736544528602192,-0.12318474389710526,0.07022850486483456,0.017281287634754238,0.07541202138627405,0.16981471656656552,0.28549169744013786,0.29919843210707076,0.27123004725388766,0.31742161157938087,0.9046695092543022,1.0,0.7391742336383921,0.9576955277636723,0.00924403270428175,0.35728716547835676,-0.3165470925262362,0.953748333130239,0.9601181841849958,0.8009749921652348,0.9554091203624416,-0.07310854228356983,0.07156674757970806,0.034147440962614004,0.09126372407279154,-0.00748381157804389,0.09027088156408225,0.10205672420662898,0.9627907642301049,0.9197734548351167,-0.03780027630193825,0.9406286333536514,0.9386555359527261,0.5287592635583857,-0.46208601031043994,0.5043002789695057,0.5081678768607464,-0.33954846696295027,-0.16082623378375963,-0.26506931492227126,0.17975302379994484,-0.1797566290262362,-0.14625751617872237,0.04189465477228476],[-0.35795875205150135,-0.14224315324261252,0.023127785324962794,0.015266187695540556,0.03777975954815956,0.1271016702428666,-0.06061475000841206,-0.08964133614077834,-0.061807232422722354,-0.10198707295201541,0.7934368556223347,0.7391742336383921,1.0,0.8736185765319825,-0.146667929050892,-0.18890342711667002,0.25619629905035224,0.6638403843710238,0.6775156255456927,0.764845850866279,0.6682153551605425,-0.12380514311098287,0.05668520088048498,0.2034150335233671,-0.08914781505644122,-0.0568368203746243,-0.08500359885451979,0.12562888644810213,0.7368712509259131,0.5871124099607283,0.1928020720050218,0.7170202275953425,0.6339792166299366,0.209690947306073,-0.13078952358703316,0.1164271553594769,0.3116051222038812,-0.33663713376694815,-0.2788221135769981,-0.2345750259356873,0.26235084760178523,-0.2623427859014047,-0.3367170149024498,0.013192302807328901],[-0.1422131242541558,-0.1501307311248722,0.04801494657985157,0.023617313272124223,0.07057650337492268,0.1747193755910408,0.12927415591992483,0.12577058750950537,0.12927265639493962,0.14392524988574185,0.9689575180033271,0.9576955277636723,0.8736185765319825,1.0,0.06609043268400872,0.13347022091124358,-0.15852637411805548,0.8740736699931316,0.8857309251049279,0.8111574485637264,0.8771015904415236,-0.1017683952773377,0.07754609143852763,0.09387850048286349,0.004600655225620626,-0.04193348199369348,0.007003843612187737,0.12075864704116801,0.9090304091935836,0.8067961847061043,0.07170887257024156,0.8744315173375153,0.8442237179780834,0.4229865786516376,-0.36398106426019594,0.3379926549229869,0.39369390706564483,-0.3427627237001348,-0.20606878457739736,-0.2588745895666759,0.21879233558762765,-0.21879077857421997,-0.17407796679905627,0.0322613580558146],[0.044747923354825477,-0.011216215712930137,-0.1186057760991681,0.009511137790463049,0.031053497008607277,0.04602137872955861,-0.1687504972978106,-0.14668823181944657,-0.029013998242241282,-0.06200182890760745,0.25986475125448333,0.00924403270428175,-0.146667929050892,0.06609043268400872,1.0,-0.14641943148292455,-0.49619269144866107,-0.09225387744711534,-0.08282884186083729,-0.11377964456522154,-0.09166820148673659,0.05844289372275315,-0.01782305018767895,-0.11598108203283189,-0.22662948884382836,0.002623489797597689,-0.22892888449930646,0.039297492381804765,-0.11546903914953822,-0.15324109222024265,0.038408414873643416,-0.17827442400523635,-0.12817428910804027,-0.08158964486147849,-0.11810169402913014,-0.33471942100742363,-0.41725895369281174,0.22098192800795088,0.008740723436511616,0.1742946810656944,-0.01000389601638304,0.010009839817424853,0.3098418157043402,-0.011097335246453115],[0.30115757433307816,0.06472557519526875,0.06618165861130954,0.009131639250849399,0.04889069600157375,0.035103838615216626,0.6094430164599323,0.6096813488357228,0.4938344304587021,0.6607552673654953,0.08604452153082484,0.35728716547835676,-0.18890342711667002,0.13347022091124358,-0.14641943148292455,1.0,-0.7815044255536451,0.38445319025101315,0.3800701851452126,0.1332022634630154,0.3823818975424849,0.18448898664086869,-0.08273702911380197,-0.31247049969187685,0.6014634298552161,0.08419338432550415,0.5950649914237645,-0.06400815737168518,0.3815483417319968,0.46303846476568916,-0.27141747573293523,0.38973574571155645,0.4136228653410931,0.5525338961076375,-0.583358716821249,0.7282421254102815,0.32181706811679606,0.11692150920873988,0.46321608414379023,-0.033610717981158285,-0.1546187427528689,0.15459533732802572,0.23288909276965933,0.03371500221218268],[-0.29541946391000296,-0.016537074093176462,0.022011881900592233,-0.01789180010710657,-0.06143767242661026,-0.07074901534695179,-0.4249671666606458,-0.4415241855325041,-0.402827746190517,-0.5373783290140421,-0.2372420006891381,-0.3165470925262362,0.25619629905035224,-0.15852637411805548,-0.49619269144866107,-0.7815044255536451,1.0,-0.2787540513390813,-0.2803112836161845,-0.037407253244676315,-0.27731599810108565,-0.20094602004677364,0.09132632707614838,0.35523582138697635,-0.3920477092401128,-0.03717192365216472,-0.38887541562585076,0.028754077914171547,-0.26578344651590236,-0.3101513894343338,0.202071231092851,-0.23308136890892509,-0.2823367009191392,-0.43781022201651243,0.5938543451370478,-0.4393154012778816,-0.007388874570906424,-0.2415724764088938,-0.41734983256565583,-0.07830909921233471,0.13652472689281436,-0.13650846178715834,-0.40116416525772436,-0.01806333024587505],[0.07778566300426036,-0.12467276833773203,0.03519102411444058,0.01432827055558246,0.06851496574227363,0.16711799046387296,0.3348320435056227,0.36698938415182203,0.34429623784673685,0.36818643069900203,0.7872183640208231,0.953748333130239,0.6638403843710238,0.8740736699931316,-0.09225387744711534,0.38445319025101315,-0.2787540513390813,1.0,0.9929842034585231,0.8068699621707779,0.9998728225436666,-0.026212447412812933,0.0241534077494624,0.013161298784136707,0.08393374425060816,-0.019169744750458878,0.0838773176789182,0.09009889886395403,0.9615844672679122,0.9789556216501715,-0.1150648234379327,0.962731101713206,0.9950317421435727,0.5618518175129261,-0.4890756533796666,0.5752442853579719,0.6174596006136718,-0.3446757500669019,-0.1638237836202992,-0.26615308835123724,0.1594809401005411,-0.15948242913545554,-0.19950718776466472,0.04641659537299934],[0.08086017373766322,-0.12889312854330873,0.03003771665286162,0.014989523523655313,0.06068224860468663,0.16418022417549105,0.3372173406105255,0.36774454081468116,0.3351951020259498,0.3698406881323806,0.8016801437222284,0.9601181841849958,0.6775156255456927,0.8857309251049279,-0.08282884186083729,0.3800701851452126,-0.2803112836161845,0.9929842034585231,1.0,0.8116432215914725,0.9946210281122863,-0.10522342409130761,0.10989806652427897,0.030587905621485018,0.08347641688558903,-0.01962171851625787,0.08362857125685048,0.08259083926278395,0.9681089930835975,0.9709256207545733,-0.10140837056832078,0.9661073259683834,0.9875064292132607,0.5387257429294136,-0.4632812731285794,0.563688186775553,0.5961020791367105,-0.3497095918440194,-0.16993043648126818,-0.26543767092322007,0.18722082451550745,-0.18722266331876133,-0.18928851819021283,0.03930384601742014],[0.009674268791366548,-0.01774822392953027,0.012244129837041475,-0.030033823448697976,0.0777322396914762,0.11857764383786143,0.1828423889119901,0.20358602671392573,0.26643834745302497,0.2011868580471032,0.726171446024671,0.8009749921652348,0.764845850866279,0.8111574485637264,-0.11377964456522154,0.1332022634630154,-0.037407253244676315,0.8068699621707779,0.8116432215914725,1.0,0.8110897579426383,-0.20932745445175518,0.08713970106503575,0.40473832517815855,0.06283246199035472,0.07446646216692368,0.052981684617326594,0.1482838286631727,0.8167514886939897,0.7975050330198422,-0.020677859273674153,0.835591810444191,0.8109195143307814,0.40513037248992717,-0.23365879530027003,0.3910105394537489,0.5249331207991035,-0.4475985718872787,-0.21622473199647313,-0.3131488549756606,0.2975111943806818,-0.29751016345345876,-0.2570512638292664,0.10568317305406952],[0.07773550305710068,-0.1253846404513399,0.03436529834592091,0.014024880905177072,0.06773896071828353,0.16700685457545728,0.3342826631188916,0.3662808076933687,0.3430904952287271,0.36750934719304784,0.7903328430522955,0.9554091203624416,0.6682153551605425,0.8771015904415236,-0.09166820148673659,0.3823818975424849,-0.27731599810108565,0.9998728225436666,0.9946210281122863,0.8110897579426383,1.0,-0.03757374585891961,0.03505621032590403,0.018757683500689293,0.08376521925456314,-0.019417139823241284,0.08375041648063634,0.08991272823492992,0.9635239500112193,0.9787009760862855,-0.11245166871168036,0.9644316495289024,0.99491709907039,0.5590293410924111,-0.48485225449669644,0.5736081597954887,0.6155664923312647,-0.3471534202620524,-0.1654902611363458,-0.26719621517929437,0.16457921194189076,-0.1645807189646225,-0.19930613514312265,0.04614102095756291],[-0.26279496114112494,-0.023288717474640643,0.026771902236944166,0.04533480560016899,0.026472733907181304,0.015941031487073,0.048796221251575386,0.017935059740148394,0.044294942289892496,0.04916100666862889,-0.10178544747765415,-0.07310854228356983,-0.12380514311098287,-0.1017683952773377,0.05844289372275315,0.18448898664086869,-0.20094602004677364,-0.026212447412812933,-0.10522342409130761,-0.20932745445175518,-0.03757374585891961,1.0,-0.9415668312059736,-0.5412033370765059,0.1664968027532115,-0.028322014919620036,0.1687509893564475,-0.04936174555562077,-0.06918251572544092,-0.03258788829432375,-0.1476216728965884,-0.07204904503329655,-0.0337570637774793,0.311910013602126,-0.5347414893013682,0.11683137939889335,-0.09651480876568944,0.31959648968057053,0.29108734621601856,0.20534584727919944,-0.39476595244434176,0.3947500056802467,0.14797186565446455,-0.03062459102068838],[0.23832138488143395,0.050715640815907126,-0.041257180060226994,-0.02657564335936714,-0.02251011633134032,-0.024568720068174572,0.05641668788350637,0.08219068766202123,0.018513046897056074,0.05630323597915206,0.08729707857936701,0.07156674757970806,0.05668520088048498,0.07754609143852763,-0.01782305018767895,-0.08273702911380197,0.09132632707614838,0.0241534077494624,0.10989806652427897,0.08713970106503575,0.03505621032590403,-0.9415668312059736,1.0,0.24588131998285867,-0.12978966964719751,0.05325154889091951,-0.1344020079708439,0.00680404014157464,0.056019298629812954,0.027510370776923514,0.0934495880073296,0.05382821784831571,0.026756326046173142,-0.3228600566647615,0.45883439112796454,-0.10836497920912466,0.007078588846828225,-0.19221878148148644,-0.21651932100426746,-0.0959581174974306,0.3186265255265941,-0.31860427705895183,-0.08007948824965996,0.007141314676641367],[0.15783445097373425,0.07374451733958445,0.03492167159588697,-0.06947001462991274,-0.015154315803674904,-0.01988157210203581,-0.25524541446335064,-0.235298208514417,-0.1481424326858141,-0.2576775783696674,0.07407521569199542,0.034147440962614004,0.2034150335233671,0.09387850048286349,-0.11598108203283189,-0.31247049969187685,0.35523582138697635,0.013161298784136707,0.030587905621485018,0.40473832517815855,0.018757683500689293,-0.5412033370765059,0.24588131998285867,1.0,-0.13908277182708825,0.09599429483146625,-0.14900652415014354,0.12164491601337864,0.046963206928560756,0.028339135568489413,0.12704567317678947,0.06408950668811401,0.028160813518863483,-0.08943876557229782,0.4104257548991022,-0.0649834314960419,0.2749195466600697,-0.43916637923161456,-0.29615334684057965,-0.35016367952103256,0.33935395758078474,-0.33936473921849863,-0.23013435218161932,0.08345915837431503],[0.12963567201548623,0.10017929777234266,-0.010583553774151069,-0.006354513639654099,0.014909826688845985,0.007285743199650984,0.31599456922803487,0.343311541663856,0.22897182911444394,0.3562151219261248,-0.02805118922191963,0.09126372407279154,-0.08914781505644122,0.004600655225620626,-0.22662948884382836,0.6014634298552161,-0.3920477092401128,0.08393374425060816,0.08347641688558903,0.06283246199035472,0.08376521925456314,0.1664968027532115,-0.12978966964719751,-0.13908277182708825,1.0,0.08651486553478027,0.9943624270181585,0.001784551783695429,0.11833805151242846,0.1763701534759636,-0.3369095318075291,0.12298994767593724,0.11337045064818357,0.44873737509227446,-0.3405537673528751,0.6890692759613228,0.21866528838308066,0.25056978518459905,0.7195782654993469,0.0990680762172097,-0.013826187725567233,0.013812941539281871,0.25727362621042116,-0.0061526051808367035],[-0.04588966123435281,0.7073019196655127,-0.09318987234548833,-0.07088504270388256,-0.034805832382538225,-0.11838938227759495,0.20193392491457018,0.15312224519934345,0.12424956500217421,0.16595989040291315,-0.04657541629251307,-0.00748381157804389,-0.0568368203746243,-0.04193348199369348,0.002623489797597689,0.08419338432550415,-0.03717192365216472,-0.019169744750458878,-0.01962171851625787,0.07446646216692368,-0.019417139823241284,-0.028322014919620036,0.05325154889091951,0.09599429483146625,0.08651486553478027,1.0,-0.01759853382509514,0.15105399912101888,-0.0382983604584392,0.029216744815370517,-0.2672836931024366,-0.037062798929320045,-0.01469594853838379,0.0013226340207454792,0.07603441918943536,-0.008263217564334256,0.03400334633280873,-0.05586272405591804,-0.04686856450560298,-0.003379034772732178,0.06136979468743539,-0.06137493236673195,-0.06554623601434142,0.30831921909728954],[0.13479826055540692,0.026905348681929658,-4.540074394456786e-05,1.690705571509105e-05,0.020223172064292295,0.019211714800215107,0.2955494584934802,0.32802882668792593,0.21634067844002916,0.3395019865204004,-0.025169281226599984,0.09027088156408225,-0.08500359885451979,0.007003843612187737,-0.22892888449930646,0.5950649914237645,-0.38887541562585076,0.0838773176789182,0.08362857125685048,0.052981684617326594,0.08375041648063634,0.1687509893564475,-0.1344020079708439,-0.14900652415014354,0.9943624270181585,-0.01759853382509514,1.0,-0.013891524908189436,0.12037797362819451,0.17117202272262996,-0.30990931501890556,0.12500902565164126,0.11295251742547367,0.44820277777228246,-0.3478116678024598,0.6922415648041667,0.2167095544377482,0.26428674872877433,0.7276456580160706,0.09791999803268384,-0.01952102061644005,0.019508383114946196,0.2652412522011155,-0.03781407317170406],[-0.03051867977358328,-0.00840126493599496,0.03705507307394414,-0.008839823975055722,0.047097713206267475,0.0252305061416457,-0.05191803485344271,-0.04504053093230623,-0.06854024539271633,-0.05485773087750584,0.11844913910978144,0.10205672420662898,0.12562888644810213,0.12075864704116801,0.039297492381804765,-0.06400815737168518,0.028754077914171547,0.09009889886395403,0.08259083926278395,0.1482838286631727,0.08991272823492992,-0.04936174555562077,0.00680404014157464,0.12164491601337864,0.001784551783695429,0.15105399912101888,-0.013891524908189436,1.0,0.10690594230142379,0.10257757731204885,0.008801426892752689,0.09758911838013432,0.09048261684855673,0.044995826694576045,0.005533302071532758,0.036133886665093255,0.12394682502456421,-0.13891429430579388,-0.10479236862158746,-0.1423293882102102,0.0930244035154292,-0.0930101073383802,-0.029970454811032433,0.14253587404312515],[0.021392451002866682,-0.14479136674373266,0.03723543583479944,0.029253366436888716,0.059039569820658125,0.17435776213976314,0.357009684170967,0.3556410270894743,0.3156028054833078,0.3698468582503357,0.8178269793652069,0.9627907642301049,0.7368712509259131,0.9090304091935836,-0.11546903914953822,0.3815483417319968,-0.26578344651590236,0.9615844672679122,0.9681089930835975,0.8167514886939897,0.9635239500112193,-0.06918251572544092,0.056019298629812954,0.046963206928560756,0.11833805151242846,-0.0382983604584392,0.12037797362819451,0.10690594230142379,1.0,0.9433987328645027,0.04050424553197912,0.9844055823735159,0.9554986315238475,0.547571827612576,-0.4592604497590191,0.5500032713068713,0.5732967854937258,-0.3153609534940361,-0.14022093256657836,-0.254494483166633,0.17579352796454206,-0.1757968239514024,-0.19486703860442042,0.029622403995060814],[0.1529738487381476,-0.0668569980682565,0.03347150834302366,0.0015953294081090103,0.06692759222433162,0.1399119310289057,0.41861590583508723,0.4607661321917268,0.40668572117192875,0.4553409509034937,0.7011561237232183,0.9197734548351167,0.5871124099607283,0.8067961847061043,-0.15324109222024265,0.46303846476568916,-0.3101513894343338,0.9789556216501715,0.9709256207545733,0.7975050330198422,0.9787009760862855,-0.03258788829432375,0.027510370776923514,0.028339135568489413,0.1763701534759636,0.029216744815370517,0.17117202272262996,0.10257757731204885,0.9433987328645027,1.0,-0.194243662020492,0.9600643192943502,0.9919255657972957,0.5900294710485177,-0.48764463905641764,0.6553174844632602,0.6763269295026628,-0.33633846384758004,-0.13524064696567284,-0.2575878031516315,0.1911946609411118,-0.19119911621005892,-0.21230571018825195,0.06000022958159872],[-0.06907466455273543,-0.27527026120826714,0.04139330626019396,0.10276836877514238,-0.006251459008226339,0.07075868243067615,-0.07315175926942634,-0.16839019494846644,-0.08850836625350404,-0.1297158948522093,0.09391385261779314,-0.03780027630193825,0.1928020720050218,0.07170887257024156,0.038408414873643416,-0.27141747573293523,0.202071231092851,-0.1150648234379327,-0.10140837056832078,-0.020677859273674153,-0.11245166871168036,-0.1476216728965884,0.0934495880073296,0.12704567317678947,-0.3369095318075291,-0.2672836931024366,-0.30990931501890556,0.008801426892752689,0.04050424553197912,-0.194243662020492,1.0,0.003707174341262814,-0.14702359730043538,-0.3495366008933682,0.25791449598852634,-0.33221187588187856,-0.177663355115956,0.0672014273581209,-0.08181102186243615,-0.033095825434423715,-0.09188010439584507,0.0918922051089707,0.025732214916497544,-0.0950961202169192],[0.04723892273875725,-0.13716276241961922,0.039173774852040016,0.027143983571435513,0.06791106886303908,0.16564815178121786,0.3909087835883619,0.39835421282586736,0.3588906114657386,0.4039055589956397,0.7655713736450882,0.9406286333536514,0.7170202275953425,0.8744315173375153,-0.17827442400523635,0.38973574571155645,-0.23308136890892509,0.962731101713206,0.9661073259683834,0.835591810444191,0.9644316495289024,-0.07204904503329655,0.05382821784831571,0.06408950668811401,0.12298994767593724,-0.037062798929320045,0.12500902565164126,0.09758911838013432,0.9844055823735159,0.9600643192943502,0.003707174341262814,1.0,0.9670119112340354,0.5377327576008354,-0.43787433627155387,0.5816358726100778,0.6290389180581606,-0.3309632250925572,-0.15566879708915937,-0.25902662295139706,0.16482329859810016,-0.16482372096587627,-0.24745202308760753,0.039694331591560335],[0.11656187097700772,-0.10870711257853735,0.03415062537801695,0.0036547758378342034,0.06595849032054085,0.15464250584719,0.36551993795501475,0.4051251963442199,0.37605689110252166,0.4016697447885485,0.7460346212534059,0.9386555359527261,0.6339792166299366,0.8442237179780834,-0.12817428910804027,0.4136228653410931,-0.2823367009191392,0.9950317421435727,0.9875064292132607,0.8109195143307814,0.99491709907039,-0.0337570637774793,0.026756326046173142,0.028160813518863483,0.11337045064818357,-0.01469594853838379,0.11295251742547367,0.09048261684855673,0.9554986315238475,0.9919255657972957,-0.14702359730043538,0.9670119112340354,1.0,0.5732791271059282,-0.48083588653723114,0.6137802749501257,0.6562397609342339,-0.35385212696972734,-0.16073015739570493,-0.26710102576232975,0.1804332292498127,-0.1804353840571316,-0.21784858028872647,0.0485471862730433],[0.05851149298974106,-0.05917453695804189,0.028650488978677308,-0.00511602406313628,0.05179487368646895,0.11362917369270115,0.28021279776650615,0.3237082310430232,0.30275618481664496,0.3374326010702296,0.38088334222117276,0.5287592635583857,0.209690947306073,0.4229865786516376,-0.08158964486147849,0.5525338961076375,-0.43781022201651243,0.5618518175129261,0.5387257429294136,0.40513037248992717,0.5590293410924111,0.311910013602126,-0.3228600566647615,-0.08943876557229782,0.44873737509227446,0.0013226340207454792,0.44820277777228246,0.044995826694576045,0.547571827612576,0.5900294710485177,-0.3495366008933682,0.5377327576008354,0.5732791271059282,1.0,-0.6637909783466743,0.686998860046306,0.45900613223278536,-0.08201860359114907,0.293718386901547,-0.05852149768476742,0.003779972789497558,-0.0038351466765767757,-0.06174445576847787,0.04243298437021127],[0.017763823262383866,0.13315668710867504,-0.026817081677693682,-0.04992734722805254,-0.07613144936848547,-0.11791561035577285,-0.33275226497003657,-0.3640911253971506,-0.3496320528991499,-0.4047064730628237,-0.3518991684903802,-0.46208601031043994,-0.13078952358703316,-0.36398106426019594,-0.11810169402913014,-0.583358716821249,0.5938543451370478,-0.4890756533796666,-0.4632812731285794,-0.23365879530027003,-0.48485225449669644,-0.5347414893013682,0.45883439112796454,0.4104257548991022,-0.3405537673528751,0.07603441918943536,-0.3478116678024598,0.005533302071532758,-0.4592604497590191,-0.48764463905641764,0.25791449598852634,-0.43787433627155387,-0.48083588653723114,-0.6637909783466743,1.0,-0.48757849089993527,-0.053919447240397315,-0.25840304345351156,-0.42613830831878746,0.04910063489456243,0.248831095282541,-0.24879318498514125,-0.2678289604033888,0.015402729387605152],[0.2362831692144688,-0.04942342274544366,0.02890029352851318,0.022115139906302147,0.051451311292239066,0.09387833495555035,0.4161696374516598,0.4920722030850895,0.32930058234523363,0.47276182353870416,0.2480693809919852,0.5043002789695057,0.1164271553594769,0.3379926549229869,-0.33471942100742363,0.7282421254102815,-0.4393154012778816,0.5752442853579719,0.563688186775553,0.3910105394537489,0.5736081597954887,0.11683137939889335,-0.10836497920912466,-0.0649834314960419,0.6890692759613228,-0.008263217564334256,0.6922415648041667,0.036133886665093255,0.5500032713068713,0.6553174844632602,-0.33221187588187856,0.5816358726100778,0.6137802749501257,0.686998860046306,-0.48757849089993527,1.0,0.790861614357508,-0.3447678386742619,0.3125480359742873,-0.2816714826733844,0.11993765634332895,-0.11996052289003835,-0.03535514934206208,0.016083590310897112],[0.22039264807048242,-0.0350081254492879,0.06676126132186358,-0.002204758519772261,0.01284686255759897,0.06050753895468301,0.27106029039472296,0.3302388489648619,0.25818203931913003,0.28172901109382137,0.2598444151515489,0.5081678768607464,0.3116051222038812,0.39369390706564483,-0.41725895369281174,0.32181706811679606,-0.007388874570906424,0.6174596006136718,0.5961020791367105,0.5249331207991035,0.6155664923312647,-0.09651480876568944,0.007078588846828225,0.2749195466600697,0.21866528838308066,0.03400334633280873,0.2167095544377482,0.12394682502456421,0.5732967854937258,0.6763269295026628,-0.177663355115956,0.6290389180581606,0.6562397609342339,0.45900613223278536,-0.053919447240397315,0.790861614357508,1.0,-0.5552908140611067,-0.33943939240256,-0.45036636206382136,0.3530636701948613,-0.3530696252730337,-0.5214528187851175,0.05225602535155787],[-0.02996608724365035,0.006745920484900322,-0.02650353060996442,0.03842223999107711,0.01914894630926942,-0.05240910970167958,0.24210621088186218,0.20013993514677078,0.25920551265377834,0.2544928161491055,-0.29671597878277345,-0.33954846696295027,-0.33663713376694815,-0.3427627237001348,0.22098192800795088,0.11692150920873988,-0.2415724764088938,-0.3446757500669019,-0.3497095918440194,-0.4475985718872787,-0.3471534202620524,0.31959648968057053,-0.19221878148148644,-0.43916637923161456,0.25056978518459905,-0.05586272405591804,0.26428674872877433,-0.13891429430579388,-0.3153609534940361,-0.33633846384758004,0.0672014273581209,-0.3309632250925572,-0.35385212696972734,-0.08201860359114907,-0.25840304345351156,-0.3447678386742619,-0.5552908140611067,1.0,0.8533725051766704,0.6957370760613569,-0.42911668747722415,0.42908106918116684,0.37604834651035757,-0.07714165305794747],[0.08812515593037042,0.0028623423774252325,-0.024164736872161995,0.02504016300575353,0.03576933484299773,0.007170969098901414,0.2593283957883493,0.27919639230524435,0.3263469281969333,0.32269690470747897,-0.1737925059885997,-0.16082623378375963,-0.2788221135769981,-0.20606878457739736,0.008740723436511616,0.46321608414379023,-0.41734983256565583,-0.1638237836202992,-0.16993043648126818,-0.21622473199647313,-0.1654902611363458,0.29108734621601856,-0.21651932100426746,-0.29615334684057965,0.7195782654993469,-0.04686856450560298,0.7276456580160706,-0.10479236862158746,-0.14022093256657836,-0.13524064696567284,-0.08181102186243615,-0.15566879708915937,-0.16073015739570493,0.293718386901547,-0.42613830831878746,0.3125480359742873,-0.33943939240256,0.8533725051766704,1.0,0.3412908075785196,-0.2758787168087015,0.2758118719894036,0.4548958676434136,-0.05482820630551731],[-0.037858623252504005,0.05091358979044048,-0.038223480648857604,-0.02593957900001348,-0.018441295159584238,-0.06662336249148723,0.1515209136863832,0.0919998411347383,0.15204479314342337,0.13642851274216006,-0.2272209728772577,-0.26506931492227126,-0.2345750259356873,-0.2588745895666759,0.1742946810656944,-0.033610717981158285,-0.07830909921233471,-0.26615308835123724,-0.26543767092322007,-0.3131488549756606,-0.26719621517929437,0.20534584727919944,-0.0959581174974306,-0.35016367952103256,0.0990680762172097,-0.003379034772732178,0.09791999803268384,-0.1423293882102102,-0.254494483166633,-0.2575878031516315,-0.033095825434423715,-0.25902662295139706,-0.26710102576232975,-0.05852149768476742,0.04910063489456243,-0.2816714826733844,-0.45036636206382136,0.6957370760613569,0.3412908075785196,1.0,-0.31042967616572403,0.3104142784959842,0.18874491223274514,-0.04991369265690705],[0.21444282012530744,0.08310334590331638,-0.05670950314907349,-0.121614270530284,-0.03773173077569483,-0.009530096520025172,-0.19077535583399188,-0.15414039923978798,-0.1644323652547396,-0.17889843180249942,0.1954150502690694,0.17975302379994484,0.26235084760178523,0.21879233558762765,-0.01000389601638304,-0.1546187427528689,0.13652472689281436,0.1594809401005411,0.18722082451550745,0.2975111943806818,0.16457921194189076,-0.39476595244434176,0.3186265255265941,0.33935395758078474,-0.013826187725567233,0.06136979468743539,-0.01952102061644005,0.0930244035154292,0.17579352796454206,0.1911946609411118,-0.09188010439584507,0.16482329859810016,0.1804332292498127,0.003779972789497558,0.248831095282541,0.11993765634332895,0.3530636701948613,-0.42911668747722415,-0.2758787168087015,-0.31042967616572403,1.0,-0.9999999763556544,-0.34827264920523615,0.03272964542419937],[-0.21442871341696335,-0.08310786616653129,0.056705693246152204,0.12160511130698798,0.03773424101463575,0.009526713046237017,0.1907805909566086,0.15413942317887813,0.16442188236016053,0.17889740183091354,-0.19541273701871814,-0.1797566290262362,-0.2623427859014047,-0.21879077857421997,0.010009839817424853,0.15459533732802572,-0.13650846178715834,-0.15948242913545554,-0.18722266331876133,-0.29751016345345876,-0.1645807189646225,0.3947500056802467,-0.31860427705895183,-0.33936473921849863,0.013812941539281871,-0.06137493236673195,0.019508383114946196,-0.0930101073383802,-0.1757968239514024,-0.19119911621005892,0.0918922051089707,-0.16482372096587627,-0.1804353840571316,-0.0038351466765767757,-0.24879318498514125,-0.11996052289003835,-0.3530696252730337,0.42908106918116684,0.2758118719894036,0.3104142784959842,-0.9999999763556544,1.0,0.348261661796527,-0.03273086060361657],[0.10892898229174475,-0.06531696374732636,-0.004791907650252529,0.030389001809000036,0.02142875585536526,0.020320688636144932,0.014160030753772077,0.03323888732141382,0.06492277038591875,0.0830939672461084,-0.06841515046767825,-0.14625751617872237,-0.3367170149024498,-0.17407796679905627,0.3098418157043402,0.23288909276965933,-0.40116416525772436,-0.19950718776466472,-0.18928851819021283,-0.2570512638292664,-0.19930613514312265,0.14797186565446455,-0.08007948824965996,-0.23013435218161932,0.25727362621042116,-0.06554623601434142,0.2652412522011155,-0.029970454811032433,-0.19486703860442042,-0.21230571018825195,0.02